11	47377283	47377283	rs71475909
8	27466157	27466157	rs1532276
8	27466181	27466181	rs1532277
8	27466315	27466315	rs1532278
16	29984839	29984839	rs4318227
6	114637431	114637431	rs785135
16	31154146	31154146	rs1549299
17	44848517	44848517	rs199523
17	44848438	44848438	rs199524
17	44859715	44859715	rs70602
19	49228272	49228272	rs2287921
7	54949256	54949256	rs74504435
12	113659752	113659752	rs7297749
12	113659621	113659621	rs76097225
10	82265271	82265271	rs9633740
9	107672365	107672365	rs2777795
20	55015166	55015166	rs927174
16	30021402	30021402	rs1140239
7	143104331	143104331	rs3935067
14	53374967	53374967	rs8003334
14	53346931	53346931	rs7149638
14	53374777	53374777	rs8019279
14	53374843	53374843	rs8019585
11	85815030	85815030	rs1237999
8	27219987	27219987	rs73223431
17	1641715	1641715	rs1310
17	1639965	1639965	rs1317708
17	1641035	1641035	rs2287322
17	1639719	1639719	rs4989024
17	1640793	1640793	rs8077638
17	1640034	1640034	rs874424
7	100091795	100091795	rs12539172
20	54997568	54997568	rs6024870
11	47430599	47430599	rs11039225
11	85828551	85828551	rs474479
11	85828548	85828548	rs598726
12	113635055	113635055	rs73208737
12	113591437	113591437	rs58250526
10	82269848	82269848	rs1870137
10	82269611	82269611	rs1870138
10	82269461	82269461	rs7080009
2	203926271	203926271	rs72934512
20	54984768	54984768	rs6064392
20	55003465	55003465	rs718022
20	55012992	55012992	rs76842328
11	47416746	47416746	rs1377416
6	32590637	32590637	rs9271579
6	32590641	32590641	rs9271580
6	32591588	32591588	rs9271608
19	54815366	54815366	rs1761452
11	60000574	60000574	rs7936120
11	85867875	85867875	rs10792832
11	121353077	121353077	rs74685827
17	1640529	1640529	rs34962442
2	127892810	127892810	rs6733839
11	60033371	60033371	rs7930318
12	113679598	113679598	rs78810900
17	1640640	1640640	rs62090051
2	127892768	127892768	rs34779859
10	98017866	98017866	rs117148433
10	98048265	98048265	rs117699776
20	55018156	55018156	rs544475179
20	55018260	55018260	rs7274581
8	27456253	27456253	rs2279590
5	156513282	156513282	rs3087616
11	59961427	59961427	rs10897011
11	59961486	59961486	rs11230180
11	60020112	60020112	rs672399
11	60031270	60031270	rs7128450
11	60002935	60002935	rs718376
8	27195121	27195121	rs28834970
8	145158607	145158607	rs34173062
15	64383029	64383029	rs332261
15	64382897	64382897	rs332262
21	27541944	27541944	rs469420
5	86181703	86181703	rs2452758
5	86300458	86300458	rs56363426
19	1819234	1819234	rs113598561
17	44843136	44843136	rs199528
17	44863133	44863133	rs916888
17	18044592	18044592	rs2075659
6	114645237	114645237	rs785143
11	47410888	47410888	rs10838702
4	40198846	40198846	rs2245466
17	1648502	1648502	rs2070863
10	124127990	124127990	rs56029211
11	60033448	60033448	rs4938932
17	18045098	18045098	rs2072653
14	53320528	53320528	rs11629431
14	53319905	53319905	rs17125798
14	53319832	53319832	rs1952088
17	18090654	18090654	rs58804619
