11	47270478	47270497	ACP2_1
11	47270450	47270469	ACP2_2
11	47270406	47270425	ACP2_3
2	127864553	127864572	BIN1_1
2	127864788	127864807	BIN1_2
2	127864701	127864720	BIN1_3
8	27472408	27472427	CLU_1
8	27472312	27472331	CLU_2
8	27472272	27472291	CLU_3
14	53417892	53417911	FERMT2_1
14	53417876	53417895	FERMT2_2
14	53417828	53417847	FERMT2_3
17	1733332	1733351	RPA1|SMYD4_1
17	1733186	1733205	RPA1|SMYD4_2
17	1733388	1733407	RPA1|SMYD4_3
15	64387973	64387992	SNX1_1
15	64388095	64388114	SNX1_2
15	64388063	64388082	SNX1_3
10	82214192	82214211	TSPAN14_1
10	82214064	82214083	TSPAN14_2
10	82214121	82214140	TSPAN14_3
2	106347989	106348008	del1_1
2	106348108	106348127	del1_2
2	106348282	106348301	del1_3
2	106349760	106349779	del2_1
2	106349721	106349740	del2_2
2	106349836	106349855	del2_3
2	106351847	106351866	del3_1
2	106351721	106351740	del3_2
2	106351678	106351697	del3_3
11	85867612	85867631	rs10792832_1
11	85867835	85867854	rs10792832_2
11	85868104	85868123	rs10792832_3
11	47410897	47410916	rs10838702_1
11	47410787	47410806	rs10838702_2
11	47410759	47410778	rs10838702_3
11	59961549	59961568	rs10897011|rs11230180_1
11	59961356	59961375	rs10897011|rs11230180_2
11	59961398	59961417	rs10897011|rs11230180_3
11	47430579	47430598	rs11039225_1
11	47430530	47430549	rs11039225_2
11	47430613	47430632	rs11039225_3
19	1819240	1819259	rs113598561_1
19	1819275	1819294	rs113598561_2
19	1819304	1819323	rs113598561_3
16	30021435	30021454	rs1140239_1
16	30021305	30021324	rs1140239_2
16	30021476	30021495	rs1140239_3
14	53320490	53320509	rs11629431_1
14	53320580	53320599	rs11629431_2
14	53320450	53320469	rs11629431_3
10	98017858	98017877	rs117148433_1
10	98017885	98017904	rs117148433_2
10	98017841	98017860	rs117148433_3
10	98048272	98048291	rs117699776_1
10	98048236	98048255	rs117699776_2
10	98048185	98048204	rs117699776_3
11	85814963	85814982	rs1237999_1
11	85815104	85815123	rs1237999_2
11	85815039	85815058	rs1237999_3
7	100091666	100091685	rs12539172_1
7	100091889	100091908	rs12539172_2
7	100091907	100091926	rs12539172_3
17	1641691	1641710	rs1310_1
17	1641787	1641806	rs1310_2
17	1641631	1641650	rs1310_3
17	1639574	1639593	rs1317708|rs4989024|rs874424_1
17	1640013	1640032	rs1317708|rs4989024|rs874424_2
17	1639657	1639676	rs1317708|rs4989024|rs874424_3
11	47416791	47416810	rs1377416_1
11	47416820	47416839	rs1377416_2
11	47416641	47416660	rs1377416_3
2	106366038	106366057	rs143080277_1
2	106366095	106366114	rs143080277_2
2	106366131	106366150	rs143080277_3
8	27466071	27466090	rs1532276|rs1532277|rs1532278_1
8	27466095	27466114	rs1532276|rs1532277|rs1532278_2
8	27466325	27466344	rs1532276|rs1532277|rs1532278_3
16	31154202	31154221	rs1549299_1
16	31154093	31154112	rs1549299_2
16	31153952	31153971	rs1549299_3
14	53319970	53319989	rs17125798|rs1952088_1
14	53319725	53319744	rs17125798|rs1952088_2
14	53319760	53319779	rs17125798|rs1952088_3
19	54815482	54815501	rs1761452_1
19	54815415	54815434	rs1761452_2
19	54815150	54815169	rs1761452_3
10	82269760	82269779	rs1870137|rs1870138|rs7080009_1
10	82269556	82269575	rs1870137|rs1870138|rs7080009_2
10	82269360	82269379	rs1870137|rs1870138|rs7080009_3
17	44848436	44848455	rs199523|rs199524_1
17	44848533	44848552	rs199523|rs199524_2
17	44848473	44848492	rs199523|rs199524_3
17	44843160	44843179	rs199528_1
17	44843195	44843214	rs199528_2
17	44843038	44843057	rs199528_3
17	1648586	1648605	rs2070863_1
17	1648478	1648497	rs2070863_2
17	1648444	1648463	rs2070863_3
17	18045058	18045077	rs2072653_1
17	18045161	18045180	rs2072653_2
17	18045192	18045211	rs2072653_3
17	18044513	18044532	rs2075659_1
17	18044444	18044463	rs2075659_2
17	18044481	18044500	rs2075659_3
4	40198698	40198717	rs2245466_1
4	40198681	40198700	rs2245466_2
4	40198759	40198778	rs2245466_3
8	27456298	27456317	rs2279590_1
8	27456281	27456300	rs2279590_2
8	27456172	27456191	rs2279590_3
17	1640436	1640455	rs2287322|rs8077638|rs34962442|rs62090051_1
17	1641180	1641199	rs2287322|rs8077638|rs34962442|rs62090051_2
17	1640378	1640397	rs2287322|rs8077638|rs34962442|rs62090051_3
19	49228255	49228274	rs2287921_1
19	49228278	49228297	rs2287921_2
19	49228309	49228328	rs2287921_3
5	86181620	86181639	rs2452758_1
5	86181704	86181723	rs2452758_2
5	86181723	86181742	rs2452758_3
9	107672362	107672381	rs2777795_1
9	107672335	107672354	rs2777795_2
9	107672438	107672457	rs2777795_3
8	27195124	27195143	rs28834970_1
8	27195182	27195201	rs28834970_2
8	27195052	27195071	rs28834970_3
5	156513241	156513260	rs3087616_1
5	156513217	156513236	rs3087616_2
5	156513201	156513220	rs3087616_3
15	64382817	64382836	rs332261|rs332262_1
15	64383074	64383093	rs332261|rs332262_2
15	64382958	64382977	rs332261|rs332262_3
8	145158645	145158664	rs34173062_1
8	145158534	145158553	rs34173062_2
8	145158685	145158704	rs34173062_3
7	143104417	143104436	rs3935067_1
7	143104247	143104266	rs3935067_2
7	143104282	143104301	rs3935067_3
16	29984752	29984771	rs4318227_1
16	29984995	29985014	rs4318227_2
16	29984894	29984913	rs4318227_3
21	27542014	27542033	rs469420_1
21	27541877	27541896	rs469420_2
21	27541843	27541862	rs469420_3
11	85828538	85828557	rs474479|rs598726_1
11	85828554	85828573	rs474479|rs598726_2
11	85828442	85828461	rs474479|rs598726_3
20	55018236	55018255	rs544475179|rs7274581_1
20	55018215	55018234	rs544475179|rs7274581_2
20	55018142	55018161	rs544475179|rs7274581_3
10	124127888	124127907	rs56029211_1
10	124127915	124127934	rs56029211_2
10	124127936	124127955	rs56029211_3
5	86300480	86300499	rs56363426_1
5	86300388	86300407	rs56363426_2
5	86300517	86300536	rs56363426_3
12	113591352	113591371	rs58250526_1
12	113591250	113591269	rs58250526_2
12	113591267	113591286	rs58250526_3
17	18090694	18090713	rs58804619_1
17	18090616	18090635	rs58804619_2
17	18090828	18090847	rs58804619_3
20	54997598	54997617	rs6024870_1
20	54997553	54997572	rs6024870_2
20	54997641	54997660	rs6024870_3
20	54984633	54984652	rs6064392_1
20	54984837	54984856	rs6064392_2
20	54984898	54984917	rs6064392_3
11	60020116	60020135	rs672399_1
11	60020004	60020023	rs672399_2
11	60020187	60020206	rs672399_3
2	127892713	127892732	rs6733839|rs34779859_1
2	127892687	127892706	rs6733839|rs34779859_2
2	127892857	127892876	rs6733839|rs34779859_3
17	44859795	44859814	rs70602_1
17	44859704	44859723	rs70602_2
17	44859741	44859760	rs70602_3
11	60031215	60031234	rs7128450_1
11	60031336	60031355	rs7128450_2
11	60031264	60031283	rs7128450_3
11	47377354	47377373	rs71475909_1
11	47377334	47377353	rs71475909_2
11	47377269	47377288	rs71475909_3
14	53346861	53346880	rs7149638_1
14	53346818	53346837	rs7149638_2
14	53346769	53346788	rs7149638_3
20	55003483	55003502	rs718022_1
20	55003444	55003463	rs718022_2
20	55003365	55003384	rs718022_3
11	60002986	60003005	rs718376_1
11	60002969	60002988	rs718376_2
11	60002854	60002873	rs718376_3
2	203926300	203926319	rs72934512_1
2	203926155	203926174	rs72934512_2
2	203926323	203926342	rs72934512_3
12	113659639	113659658	rs7297749|rs76097225_1
12	113659506	113659525	rs7297749|rs76097225_2
12	113659763	113659782	rs7297749|rs76097225_3
12	113634903	113634922	rs73208737_1
12	113634936	113634955	rs73208737_2
12	113635170	113635189	rs73208737_3
8	27219887	27219906	rs73223431_1
8	27220071	27220090	rs73223431_2
8	27219992	27220011	rs73223431_3
7	54949312	54949331	rs74504435_1
7	54949331	54949350	rs74504435_2
7	54949197	54949216	rs74504435_3
11	121353024	121353043	rs74685827_1
11	121353045	121353064	rs74685827_2
11	121352976	121352995	rs74685827_3
20	55012954	55012973	rs76842328_1
20	55012973	55012992	rs76842328_2
20	55013084	55013103	rs76842328_3
6	114637476	114637495	rs785135_1
6	114637511	114637530	rs785135_2
6	114637331	114637350	rs785135_3
6	114645205	114645224	rs785143_1
6	114645160	114645179	rs785143_2
6	114645323	114645342	rs785143_3
12	113679498	113679517	rs78810900_1
12	113679527	113679546	rs78810900_2
12	113679451	113679470	rs78810900_3
11	60033420	60033439	rs7930318|rs4938932_1
11	60033377	60033396	rs7930318|rs4938932_2
11	60033308	60033327	rs7930318|rs4938932_3
11	60000569	60000588	rs7936120_1
11	60000550	60000569	rs7936120_2
11	60000518	60000537	rs7936120_3
14	53374764	53374783	rs8003334|rs8019279|rs8019585_1
14	53374844	53374863	rs8003334|rs8019279|rs8019585_2
14	53375070	53375089	rs8003334|rs8019279|rs8019585_3
17	44863122	44863141	rs916888_1
17	44863091	44863110	rs916888_2
17	44863184	44863203	rs916888_3
6	32590581	32590600	rs9271579|rs9271580_1
6	32590663	32590682	rs9271579|rs9271580_2
6	32590537	32590556	rs9271579|rs9271580_3
6	32591669	32591688	rs9271608_1
6	32591703	32591722	rs9271608_2
6	32591438	32591457	rs9271608_3
20	55015201	55015220	rs927174_1
20	55015238	55015257	rs927174_2
20	55015296	55015315	rs927174_3
10	82265260	82265279	rs9633740_1
10	82265358	82265377	rs9633740_2
10	82265324	82265343	rs9633740_3
